14 0.444064 0.60271 0.207763 0.0413695
14 0.625571 0.564907 0.242009 0.0399429
14 0.357306 0.611983 0.157534 0.0485021
14 0.613014 0.761056 0.0844749 0.0271041
14 0.205479 0.759629 0.187215 0.0385164
14 0.472603 0.764622 0.0730594 0.0313837
14 0.4121 0.761769 0.139269 0.0342368
14 0.885845 0.721826 0.127854 0.0313837
14 0.829909 0.725392 0.276256 0.0356633
14 0.659817 0.32311 0.328767 0.164051
14 0.724886 0.738944 0.148402 0.0313837
14 0.787671 0.747504 0.118721 0.0370899
14 0.275114 0.763195 0.130137 0.0370899
14 0.321918 0.761056 0.114155 0.0299572
14 0.835616 0.803852 0.164384 0.0813124
14 0.15411 0.764622 0.1621 0.0370899
14 0.0182648 0.793866 0.0273973 0.00998573
14 0.813927 0.740371 0.257991 0.0485021
14 0.568493 0.761056 0.164384 0.0299572
14 0.487443 0.762482 0.230594 0.0385164
14 0.712329 0.636234 0.237443 0.0485021
14 0.417808 0.618402 0.269406 0.0670471
14 0.578767 0.677603 0.221461 0.0485021
14 0.832192 0.819543 0.130137 0.0299572
14 0.11758 0.624108 0.226027 0.0413695
14 0.590183 0.549215 0.299087 0.0684736
14 0.655251 0.365906 0.296804 0.0784593
14 0.670091 0.275321 0.363014 0.0713267
14 0.11758 0.365906 0.230594 0.0527817
14 0.712329 0.636234 0.237443 0.0485021
14 0.417808 0.618402 0.269406 0.0670471
14 0.578767 0.677603 0.221461 0.0485021
14 0.832192 0.819543 0.130137 0.0299572
14 0.11758 0.624108 0.226027 0.0413695
14 0.590183 0.549215 0.299087 0.0684736
14 0.655251 0.365906 0.296804 0.0784593
14 0.670091 0.275321 0.363014 0.0713267
14 0.11758 0.365906 0.230594 0.0527817
14 0.775114 0.729672 0.285388 0.0984308
14 0.6621 0.253923 0.347032 0.0456491
14 0.415525 0.622682 0.324201 0.141227
14 0.672374 0.569187 0.121005 0.0342368
14 0.118721 0.401569 0.237443 0.132668
14 0.824201 0.743937 0.118721 0.0356633
14 0.118721 0.590585 0.232877 0.148359
14 0.503425 0.60699 0.10274 0.0299572
14 0.585616 0.551355 0.148402 0.0613409
14 0.512557 0.595578 0.125571 0.0385164
14 0.605023 0.551355 0.0730594 0.0527817
14 0.344749 0.750357 0.141553 0.0285307
14 0.569635 0.547076 0.0753425 0.0499287
14 0.832192 0.805278 0.139269 0.0413695
14 0.589041 0.57204 0.187215 0.0256776
14 0.4121 0.75107 0.107306 0.0185449
14 0.599315 0.355207 0.203196 0.0542083
14 0.375571 0.751783 0.0799087 0.0171184
14 0.52968 0.764622 0.0821918 0.0313837
14 0.819635 0.74893 0.0502283 0.0285307
14 0.599315 0.271755 0.221461 0.0442225
14 0.465753 0.588445 0.200913 0.0299572
14 0.325342 0.763195 0.184932 0.0542083
14 0.648402 0.563481 0.0502283 0.0285307
14 0.88242 0.731812 0.166667 0.0570613
14 0.849315 0.715407 0.200913 0.0328103
14 0.631279 0.64194 0.148402 0.0199715
14 0.416667 0.761056 0.294521 0.0556348
14 0.640411 0.629101 0.130137 0.0370899
14 0.824201 0.768902 0.223744 0.125535
14 0.651827 0.637661 0.239726 0.0285307
14 0.607306 0.527817 0.283105 0.0342368
14 0.413242 0.619116 0.086758 0.0599144
14 0.655251 0.277461 0.0821918 0.0527817
14 0.96347 0.733238 0.0730594 0.0142653
14 0.00684932 0.719686 0.0136986 0.0156919
14 0.931507 0.738231 0.127854 0.021398
14 0.807078 0.81883 0.0890411 0.0171184
14 0.554795 0.759629 0.0639269 0.0242511
14 0.665525 0.340228 0.244292 0.0328103
14 0.59589 0.654066 0.278539 0.115549
14 0.487443 0.770328 0.125571 0.0285307
14 0.731735 0.264622 0.239726 0.0470756
14 0.640411 0.563481 0.116438 0.0342368
14 0.115297 0.739658 0.230594 0.109843
14 0.59589 0.649073 0.255708 0.0256776
14 0.699772 0.733238 0.226027 0.0513552
14 0.455479 0.749643 0.19863 0.0242511
14 0.119863 0.768902 0.0981735 0.0285307
14 0.51484 0.541369 0.143836 0.0385164
14 0.187215 0.758916 0.0821918 0.0313837
14 0.334475 0.605563 0.107306 0.0242511
14 0.0730594 0.360913 0.141553 0.0370899
14 0.525114 0.579173 0.13242 0.0228245
14 0.394977 0.757489 0.0821918 0.0256776
14 0.692922 0.737518 0.0844749 0.0228245
14 0.639269 0.680457 0.0913242 0.0342368
14 0.687215 0.650499 0.324201 0.0542083
14 0.318493 0.75321 0.0844749 0.0171184
14 0.751142 0.652639 0.178082 0.0385164
14 0.115297 0.67475 0.230594 0.142653
14 0.533105 0.56776 0.184932 0.0399429
14 0.609589 0.663338 0.210046 0.0456491
14 0.444064 0.60271 0.207763 0.0413695
14 0.625571 0.564907 0.242009 0.0399429
14 0.357306 0.611983 0.157534 0.0485021
14 0.613014 0.761056 0.0844749 0.0271041
14 0.205479 0.759629 0.187215 0.0385164
14 0.472603 0.764622 0.0730594 0.0313837
14 0.4121 0.761769 0.139269 0.0342368
14 0.885845 0.721826 0.127854 0.0313837
14 0.829909 0.725392 0.276256 0.0356633
14 0.659817 0.32311 0.328767 0.164051
14 0.724886 0.738944 0.148402 0.0313837
14 0.787671 0.747504 0.118721 0.0370899
14 0.275114 0.763195 0.130137 0.0370899
14 0.321918 0.761056 0.114155 0.0299572
14 0.835616 0.803852 0.164384 0.0813124
14 0.15411 0.764622 0.1621 0.0370899
14 0.0182648 0.793866 0.0273973 0.00998573
14 0.813927 0.740371 0.257991 0.0485021
14 0.568493 0.761056 0.164384 0.0299572
14 0.487443 0.762482 0.230594 0.0385164
14 0.712329 0.636234 0.237443 0.0485021
14 0.417808 0.618402 0.269406 0.0670471
14 0.578767 0.677603 0.221461 0.0485021
14 0.832192 0.819543 0.130137 0.0299572
14 0.11758 0.624108 0.226027 0.0413695
14 0.590183 0.549215 0.299087 0.0684736
14 0.655251 0.365906 0.296804 0.0784593
14 0.670091 0.275321 0.363014 0.0713267
14 0.11758 0.365906 0.230594 0.0527817
14 0.712329 0.636234 0.237443 0.0485021
14 0.417808 0.618402 0.269406 0.0670471
14 0.578767 0.677603 0.221461 0.0485021
14 0.832192 0.819543 0.130137 0.0299572
14 0.11758 0.624108 0.226027 0.0413695
14 0.590183 0.549215 0.299087 0.0684736
14 0.655251 0.365906 0.296804 0.0784593
14 0.670091 0.275321 0.363014 0.0713267
14 0.11758 0.365906 0.230594 0.0527817
