14 0.487443 0.762482 0.230594 0.0385164
14 0.712329 0.636234 0.237443 0.0485021
14 0.417808 0.618402 0.269406 0.0670471
14 0.578767 0.677603 0.221461 0.0485021
14 0.832192 0.819543 0.130137 0.0299572
14 0.11758 0.624108 0.226027 0.0413695
14 0.590183 0.549215 0.299087 0.0684736
14 0.655251 0.365906 0.296804 0.0784593
14 0.670091 0.275321 0.363014 0.0713267
14 0.11758 0.365906 0.230594 0.0527817
14 0.487443 0.762482 0.230594 0.0385164
14 0.712329 0.636234 0.237443 0.0485021
14 0.417808 0.618402 0.269406 0.0670471
14 0.578767 0.677603 0.221461 0.0485021
14 0.832192 0.819543 0.130137 0.0299572
14 0.11758 0.624108 0.226027 0.0413695
14 0.590183 0.549215 0.299087 0.0684736
14 0.655251 0.365906 0.296804 0.0784593
14 0.670091 0.275321 0.363014 0.0713267
14 0.11758 0.365906 0.230594 0.0527817
